%YAML:1.0
cameraMatrix: !!opencv-matrix
   rows: 3
   cols: 3
   dt: d
   data: [ 1.9771446242985132e+03, 0., 6.6161868164424175e+02, 0.,
       1.9895996217003562e+03, 4.9517244413870594e+02, 0., 0., 1. ]
imageSize_width: 1280
imageSize_height: 800
sensorSize_width: 0
sensorSize_height: 0
distCoeffs: !!opencv-matrix
   rows: 5
   cols: 1
   dt: d
   data: [ 3.6425216740423672e-01, -1.6102497483976539e+00,
       -1.2399512404414696e-02, -3.8295157453768575e-02,
       3.4502011673132591e+00 ]
reprojectionError: 3.9079695940017700e-01
features:
   - [ 400., 250., 460., 250., 520., 250., 580., 250., 430.,
       280., 490., 280., 550., 280., 610., 280., 400., 310., 460., 310.,
       520., 310., 580., 310., 430., 340., 490., 340., 550., 340., 610.,
       340., 400., 370., 460., 370., 520., 370., 580., 370. ]
   - [ 400., 250., 460., 250., 520., 250., 580., 250., 430.,
       280., 490., 280., 550., 280., 610., 280., 400., 310., 460., 310.,
       520., 310., 580., 310., 430., 340., 490., 340., 550., 340., 610.,
       340., 400., 370., 460., 370., 520., 370., 580., 370. ]
   - [ 400., 250., 460., 250., 520., 250., 580., 250., 430.,
       280., 490., 280., 550., 280., 610., 280., 400., 310., 460., 310.,
       520., 310., 580., 310., 430., 340., 490., 340., 550., 340., 610.,
       340., 400., 370., 460., 370., 520., 370., 580., 370. ]
   - [ 400., 250., 460., 250., 520., 250., 580., 250., 430.,
       280., 490., 280., 550., 280., 610., 280., 400., 310., 460., 310.,
       520., 310., 580., 310., 430., 340., 490., 340., 550., 340., 610.,
       340., 400., 370., 460., 370., 520., 370., 580., 370. ]
   - [ 400., 250., 460., 250., 520., 250., 580., 250., 430.,
       280., 490., 280., 550., 280., 610., 280., 400., 310., 460., 310.,
       520., 310., 580., 310., 430., 340., 490., 340., 550., 340., 610.,
       340., 400., 370., 460., 370., 520., 370., 580., 370. ]
   - [ 400., 250., 460., 250., 520., 250., 580., 250., 430.,
       280., 490., 280., 550., 280., 610., 280., 400., 310., 460., 310.,
       520., 310., 580., 310., 430., 340., 490., 340., 550., 340., 610.,
       340., 400., 370., 460., 370., 520., 370., 580., 370. ]
   - [ 4.2068499755859375e+02, 5.3872479248046875e+02,
       4.4663674926757812e+02, 4.1373385620117188e+02,
       4.7066744995117188e+02, 2.9020709228515625e+02,
       4.9341726684570312e+02, 1.6586189270019531e+02,
       4.9163403320312500e+02, 4.8518386840820312e+02,
       5.1630291748046875e+02, 3.6038549804687500e+02,
       5.3965173339843750e+02, 2.3567817687988281e+02,
       5.6232702636718750e+02, 1.0880655670166016e+02,
       5.3704766845703125e+02, 5.5854595947265625e+02,
       5.6240527343750000e+02, 4.3165814208984375e+02,
       5.8621130371093750e+02, 3.0612780761718750e+02,
       6.0958117675781250e+02, 1.7950099182128906e+02,
       6.0898907470703125e+02, 5.0443280029296875e+02,
       6.3331707763671875e+02, 3.7757418823242188e+02,
       6.5714666748046875e+02, 2.5024977111816406e+02,
       6.8113781738281250e+02, 1.2101025390625000e+02,
       6.5660040283203125e+02, 5.7985925292968750e+02,
       6.8114428710937500e+02, 4.5021649169921875e+02,
       7.0542010498046875e+02, 3.2201330566406250e+02,
       7.2997314453125000e+02, 1.9234696960449219e+02 ]
   - [ 3.8979946899414062e+02, 5.2274731445312500e+02,
       3.9895419311523438e+02, 3.9545587158203125e+02,
       4.0677893066406250e+02, 2.6335000610351562e+02,
       4.1305755615234375e+02, 1.2396365356445312e+02,
       4.6023406982421875e+02, 4.5972277832031250e+02,
       4.6955697631835938e+02, 3.3264736938476562e+02,
       4.7797430419921875e+02, 1.9983302307128906e+02,
       4.8519317626953125e+02, 5.8352207183837891e+01,
       5.1791888427734375e+02, 5.2076373291015625e+02,
       5.2853588867187500e+02, 3.9806332397460938e+02,
       5.3833544921875000e+02, 2.7051876831054688e+02,
       5.4772790527343750e+02, 1.3643186950683594e+02,
       5.8408190917968750e+02, 4.6003787231445312e+02,
       5.9509912109375000e+02, 3.3721337890625000e+02,
       6.0584082031250000e+02, 2.0858489990234375e+02,
       6.1652795410156250e+02, 7.2583518981933594e+01,
       6.3667858886718750e+02, 5.1915618896484375e+02,
       6.4865765380859375e+02, 4.0030709838867188e+02,
       6.6055798339843750e+02, 2.7659530639648438e+02,
       6.7260296630859375e+02, 1.4653202819824219e+02 ]
   - [ 8.3505706787109375e+02, 9.9069297790527344e+01,
       8.2194201660156250e+02, 2.1513017272949219e+02,
       8.0928997802734375e+02, 3.2532580566406250e+02,
       7.9716979980468750e+02, 4.3013394165039062e+02,
       7.7503680419921875e+02, 1.5598574829101562e+02,
       7.6341448974609375e+02, 2.7018994140625000e+02,
       7.5217510986328125e+02, 3.7861605834960938e+02,
       7.4136065673828125e+02, 4.8185449218750000e+02,
       7.2582769775390625e+02, 9.3859603881835938e+01,
       7.1540203857421875e+02, 2.1237313842773438e+02,
       7.0524572753906250e+02, 3.2476599121093750e+02,
       6.9535455322265625e+02, 4.3148562622070312e+02,
       6.6494610595703125e+02, 1.5163879394531250e+02,
       6.5604302978515625e+02, 2.6827371215820312e+02,
       6.4728002929687500e+02, 3.7888055419921875e+02,
       6.3856427001953125e+02, 4.8412326049804688e+02,
       6.1175555419921875e+02, 8.7728889465332031e+01,
       6.0424719238281250e+02, 2.0889585876464844e+02,
       5.9678045654296875e+02, 3.2370547485351562e+02,
       5.8923577880859375e+02, 4.3269329833984375e+02 ]
   - [ 9.5869116210937500e+02, 7.2325439453125000e+01,
       9.7837121582031250e+02, 1.7891000366210938e+02,
       9.9922827148437500e+02, 2.8931997680664062e+02,
       1.0216827392578125e+03, 4.0441796875000000e+02,
       9.0758013916015625e+02, 1.2798668670654297e+02,
       9.2649694824218750e+02, 2.3681970214843750e+02,
       9.4650378417968750e+02, 3.4976708984375000e+02,
       9.6819403076171875e+02, 4.6779116821289062e+02,
       8.3798596191406250e+02, 7.7316177368164062e+01,
       8.5534869384765625e+02, 1.8484750366210938e+02,
       8.7339593505859375e+02, 2.9613513183593750e+02,
       8.9255566406250000e+02, 4.1173544311523438e+02,
       7.8533288574218750e+02, 1.3311523437500000e+02,
       8.0186999511718750e+02, 2.4306922912597656e+02,
       8.1905645751953125e+02, 3.5686978149414062e+02,
       8.3736651611328125e+02, 4.7536401367187500e+02,
       7.1603527832031250e+02, 8.1454093933105469e+01,
       7.3137353515625000e+02, 1.9022071838378906e+02,
       7.4708471679687500e+02, 3.0265447998046875e+02,
       7.6339892578125000e+02, 4.1911035156250000e+02 ]
   - [ 1.0646713867187500e+03, 8.8342109680175781e+01,
       1.0361583251953125e+03, 2.0251361083984375e+02,
       1.0091815795898438e+03, 3.0851107788085938e+02,
       9.8392425537109375e+02, 4.0696893310546875e+02,
       9.9498413085937500e+02, 1.4752516174316406e+02,
       9.6879180908203125e+02, 2.5865396118164062e+02,
       9.4420318603515625e+02, 3.6158413696289062e+02,
       9.2139227294921875e+02, 4.5713516235351562e+02,
       9.5138269042968750e+02, 8.9118942260742188e+01,
       9.2623364257812500e+02, 2.0585321044921875e+02,
       9.0252996826171875e+02, 3.1375006103515625e+02,
       8.8049804687500000e+02, 4.1351754760742188e+02,
       8.8120581054687500e+02, 1.4972724914550781e+02,
       8.5865533447265625e+02, 2.6311141967773438e+02,
       8.3761706542968750e+02, 3.6760971069335938e+02,
       8.1814562988281250e+02, 4.6431817626953125e+02,
       8.3333374023437500e+02, 8.9882263183593750e+01,
       8.1224536132812500e+02, 2.0926072692871094e+02,
       7.9246942138671875e+02, 3.1905361938476562e+02,
       7.7409515380859375e+02, 4.2020733642578125e+02 ]
   - [ 1.2469656982421875e+03, 6.4439651489257812e+01,
       1.2343890380859375e+03, 2.2025233459472656e+02,
       1.2231148681640625e+03, 3.6918057250976562e+02,
       1.2128876953125000e+03, 5.1264965820312500e+02,
       1.1623698730468750e+03, 1.4216162109375000e+02,
       1.1520747070312500e+03, 2.9291204833984375e+02,
