%YAML:1.0
cameraMatrix: !!opencv-matrix
   rows: 3
   cols: 3
   dt: d
   data: [ 9.8010954799559681e+02, 0., 3.3575256979037852e+02, 0.,
       9.7987043931553285e+02, 2.7662729608758167e+02, 0., 0., 1. ]
imageSize_width: 640
imageSize_height: 480
sensorSize_width: 0
sensorSize_height: 0
distCoeffs: !!opencv-matrix
   rows: 5
   cols: 1
   dt: d
   data: [ -2.8748732587984166e-01, 1.1594246740003556e-02,
       -1.6632920815539869e-03, -1.5429665430264192e-05,
       1.5000950891892255e+00 ]
reprojectionError: 1.4630614221096039e-01
features:
   - [ 1.5017852783203125e+02, 2.2565193176269531e+02,
       1.8836248779296875e+02, 2.1956838989257812e+02,
       2.2720828247070312e+02, 2.1322708129882812e+02,
       2.6672409057617188e+02, 2.0696470642089844e+02,
       3.0675570678710938e+02, 2.0059315490722656e+02,
       3.4693231201171875e+02, 1.9430790710449219e+02,
       3.8739266967773438e+02, 1.8811344909667969e+02,
       4.2802575683593750e+02, 1.8193075561523438e+02,
       1.5742369079589844e+02, 2.6451266479492188e+02,
       1.9553465270996094e+02, 2.5860061645507812e+02,
       2.3422508239746094e+02, 2.5269892883300781e+02,
       2.7354226684570312e+02, 2.4660020446777344e+02,
       3.1345040893554688e+02, 2.4047373962402344e+02,
       3.5345028686523438e+02, 2.3430740356445312e+02,
       3.9364382934570312e+02, 2.2830374145507812e+02,
       4.3414019775390625e+02, 2.2221183776855469e+02,
       1.6495497131347656e+02, 3.0293936157226562e+02,
       2.0276692199707031e+02, 2.9749642944335938e+02,
       2.4129421997070312e+02, 2.9174670410156250e+02,
       2.8042922973632812e+02, 2.8593576049804688e+02,
       3.2006039428710938e+02, 2.7993249511718750e+02,
       3.5979190063476562e+02, 2.7403482055664062e+02,
       3.9979071044921875e+02, 2.6805682373046875e+02,
       4.3998239135742188e+02, 2.6204104614257812e+02,
       1.7227287292480469e+02, 3.4092367553710938e+02,
       2.1017671203613281e+02, 3.3555358886718750e+02,
       2.4829205322265625e+02, 3.3024493408203125e+02,
       2.8734262084960938e+02, 3.2453845214843750e+02,
       3.2648092651367188e+02, 3.1889968872070312e+02,
       3.6620693969726562e+02, 3.1303948974609375e+02,
       4.0579037475585938e+02, 3.0729980468750000e+02,
       4.4574053955078125e+02, 3.0140963745117188e+02,
       1.7998846435546875e+02, 3.7820010375976562e+02,
       2.1713555908203125e+02, 3.7323748779296875e+02,
       2.5558847045898438e+02, 3.6802365112304688e+02,
       2.9371456909179688e+02, 3.6273843383789062e+02,
       3.3323739624023438e+02, 3.5707794189453125e+02,
       3.7206024169921875e+02, 3.5156375122070312e+02,
       4.1188253784179688e+02, 3.4575500488281250e+02,
       4.5116726684570312e+02, 3.4013989257812500e+02 ]
   - [ 1.9710470581054688e+02, 1.3208938598632812e+02,
       2.3915357971191406e+02, 1.2516067504882812e+02,
       2.8300033569335938e+02, 1.1800404357910156e+02,
       3.2873870849609375e+02, 1.1104055023193359e+02,
       3.7590237426757812e+02, 1.0387944793701172e+02,
       4.2450210571289062e+02, 9.6808715820312500e+01,
       4.7402386474609375e+02, 8.9807197570800781e+01,
       5.2480963134765625e+02, 8.2760787963867188e+01,
       2.0117953491210938e+02, 1.7844514465332031e+02,
       2.4354495239257812e+02, 1.7224780273437500e+02,
       2.8764837646484375e+02, 1.6606877136230469e+02,
       3.3343524169921875e+02, 1.5966761779785156e+02,
       3.8112081909179688e+02, 1.5332081604003906e+02,
       4.2973031616210938e+02, 1.4696409606933594e+02,
       4.7965261840820312e+02, 1.4049653625488281e+02,
       5.3065765380859375e+02, 1.3397061157226562e+02,
       2.0562939453125000e+02, 2.2517286682128906e+02,
       2.4811294555664062e+02, 2.1990229797363281e+02,
       2.9233627319335938e+02, 2.1445544433593750e+02,
       3.3839852905273438e+02, 2.0891896057128906e+02,
       3.8608947753906250e+02, 2.0331253051757812e+02,
       4.3504730224609375e+02, 1.9770497131347656e+02,
       4.8501473999023438e+02, 1.9186170959472656e+02,
       5.3641278076171875e+02, 1.8586613464355469e+02,
       2.1002262878417969e+02, 2.7211184692382812e+02,
       2.5269110107421875e+02, 2.6765719604492188e+02,
       2.9710870361328125e+02, 2.6312420654296875e+02,
       3.4331594848632812e+02, 2.5831253051757812e+02,
       3.9101528930664062e+02, 2.5346980285644531e+02,
       4.4010769653320312e+02, 2.4849926757812500e+02,
       4.9033279418945312e+02, 2.4347146606445312e+02,
       5.4186163330078125e+02, 2.3847003173828125e+02,
       2.1475350952148438e+02, 3.1896746826171875e+02,
       2.5753839111328125e+02, 3.1556405639648438e+02,
       3.0201153564453125e+02, 3.1178677368164062e+02,
       3.4819610595703125e+02, 3.0786764526367188e+02,
       3.9605767822265625e+02, 3.0371786499023438e+02,
       4.4515191650390625e+02, 2.9960894775390625e+02,
       4.9545773315429688e+02, 2.9527798461914062e+02,
       5.4696826171875000e+02, 2.9069418334960938e+02 ]
   - [ 9.7424606323242188e+01, 1.2305911254882812e+02,
       1.4232357788085938e+02, 1.2149365997314453e+02,
       1.8572987365722656e+02, 1.2015168762207031e+02,
       2.2796560668945312e+02, 1.1919335174560547e+02,
       2.6877209472656250e+02, 1.1826255798339844e+02,
       3.0825112915039062e+02, 1.1749886322021484e+02,
       3.4644842529296875e+02, 1.1696590423583984e+02,
       3.8350708007812500e+02, 1.1655900573730469e+02,
       9.9973289489746094e+01, 1.6944248962402344e+02,
       1.4506143188476562e+02, 1.6692274475097656e+02,
       1.8853413391113281e+02, 1.6495249938964844e+02,
       2.3072952270507812e+02, 1.6309574890136719e+02,
       2.7162240600585938e+02, 1.6148039245605469e+02,
       3.1106585693359375e+02, 1.6000569152832031e+02,
       3.4927355957031250e+02, 1.5867581176757812e+02,
       3.8630444335937500e+02, 1.5744781494140625e+02,
       1.0331285095214844e+02, 2.1560447692871094e+02,
       1.4802908325195312e+02, 2.1265785217285156e+02,
       1.9147702026367188e+02, 2.0990367126464844e+02,
       2.3368521118164062e+02, 2.0745712280273438e+02,
       2.7450256347656250e+02, 2.0497657775878906e+02,
       3.1388046264648438e+02, 2.0271792602539062e+02,
       3.5203845214843750e+02, 2.0058831787109375e+02,
       3.8884780883789062e+02, 1.9862947082519531e+02,
       1.0658623504638672e+02, 2.6196972656250000e+02,
       1.5133334350585938e+02, 2.5828213500976562e+02,
       1.9458329772949219e+02, 2.5493190002441406e+02,
       2.3673519897460938e+02, 2.5157429504394531e+02,
       2.7739767456054688e+02, 2.4845449829101562e+02,
       3.1672302246093750e+02, 2.4538088989257812e+02,
       3.5469842529296875e+02, 2.4253346252441406e+02,
       3.9148150634765625e+02, 2.3972355651855469e+02,
       1.1027365875244141e+02, 3.0804592895507812e+02,
       1.5468962097167969e+02, 3.0393469238281250e+02,
       1.9793792724609375e+02, 2.9966345214843750e+02,
       2.3990008544921875e+02, 2.9565701293945312e+02,
       2.8042892456054688e+02, 2.9174624633789062e+02,
       3.1964898681640625e+02, 2.8793255615234375e+02,
       3.5747885131835938e+02, 2.8428656005859375e+02,
       3.9403387451171875e+02, 2.8077029418945312e+02 ]
   - [ 1.1477330780029297e+02, 1.4869416809082031e+02,
       1.6058438110351562e+02, 1.4739303588867188e+02,
       2.0659622192382812e+02, 1.4624050903320312e+02,
       2.5302679443359375e+02, 1.4541419982910156e+02,
       2.9946249389648438e+02, 1.4446531677246094e+02,
       3.4567102050781250e+02, 1.4393009948730469e+02,
       3.9167767333984375e+02, 1.4345268249511719e+02,
       4.3732843017578125e+02, 1.4314419555664062e+02,
       1.1548032379150391e+02, 1.9468775939941406e+02,
       1.6165966796875000e+02, 1.9362379455566406e+02,
       2.0758662414550781e+02, 1.9266250610351562e+02,
       2.5394104003906250e+02, 1.9166569519042969e+02,
       3.0036581420898438e+02, 1.9088977050781250e+02,
       3.4647497558593750e+02, 1.9012400817871094e+02,
       3.9236831665039062e+02, 1.8952313232421875e+02,
