%YAML:1.0
cameraMatrix: !!opencv-matrix
   rows: 3
   cols: 3
   dt: d
   data: [ 8.5184448805207614e+02, 0., 3.4260090999831527e+02, 0.,
       8.5114393513715527e+02, 2.6807727065956857e+02, 0., 0., 1. ]
imageSize_width: 640
imageSize_height: 480
sensorSize_width: 0
sensorSize_height: 0
distCoeffs: !!opencv-matrix
   rows: 5
   cols: 1
   dt: d
   data: [ -2.6573589818846960e-01, -6.4909730725229306e-02,
       -3.6608997689250769e-04, 2.5839888745505754e-03,
       4.1134909109324824e-01 ]
reprojectionError: 1.4547878503799438e-01
features:
   - [ 3.40603882e+02, 3.96635620e+02, 3.36108734e+02, 3.55944916e+02,
       3.32349091e+02, 3.16209167e+02, 3.28378754e+02, 2.77080750e+02,
       3.24685974e+02, 2.39091202e+02, 3.21176453e+02, 2.01867966e+02,
       3.17515961e+02, 1.66042633e+02, 3.14188080e+02, 1.31140915e+02,
       3.78831818e+02, 3.90700226e+02, 3.74425690e+02, 3.49291901e+02,
       3.69801880e+02, 3.08776215e+02, 3.65419708e+02, 2.69352020e+02,
       3.61225037e+02, 2.30511856e+02, 3.57035004e+02, 1.93182892e+02,
       3.52962280e+02, 1.56634445e+02, 3.49037750e+02, 1.21498306e+02,
       4.19181366e+02, 3.84381378e+02, 4.13903320e+02, 3.42307404e+02,
       4.08858154e+02, 3.01500916e+02, 4.03850494e+02, 2.61159668e+02,
       3.99088715e+02, 2.22161667e+02, 3.94302826e+02, 1.84005280e+02,
       3.89534302e+02, 1.47311630e+02, 3.85010681e+02, 1.11890701e+02,
       4.60143921e+02, 3.77697144e+02, 4.54602875e+02, 3.35200073e+02,
       4.48954895e+02, 2.93524353e+02, 4.43447021e+02, 2.52875595e+02,
       4.37877350e+02, 2.13173416e+02, 4.32511597e+02, 1.74941605e+02,
       4.27148987e+02, 1.37734253e+02, 4.21934723e+02, 1.02040108e+02,
       5.02755920e+02, 3.70798279e+02, 4.96443909e+02, 3.27537354e+02,
       4.90413910e+02, 2.85633820e+02, 4.84031677e+02, 2.44297134e+02,
       4.78009583e+02, 2.04421692e+02, 4.71800781e+02, 1.65571304e+02,
       4.65751801e+02, 1.28317612e+02, 4.59660675e+02, 9.20640564e+01 ]
   - [ 2.15174118e+02, 3.59077087e+02, 2.12930664e+02, 3.21406555e+02,
       2.11076126e+02, 2.83463226e+02, 2.09390686e+02, 2.45204254e+02,
       2.07825409e+02, 2.06800949e+02, 2.06385117e+02, 1.68432846e+02,
       2.05126480e+02, 1.30252975e+02, 2.03826782e+02, 9.21387939e+01,
       2.50215637e+02, 3.59754761e+02, 2.48393326e+02, 3.21327789e+02,
       2.46525421e+02, 2.82988892e+02, 2.44737900e+02, 2.44050430e+02,
       2.43450394e+02, 2.04990875e+02, 2.42003265e+02, 1.66110519e+02,
       2.40529419e+02, 1.27302010e+02, 2.39449646e+02, 8.86860580e+01,
       2.87131348e+02, 3.60205414e+02, 2.85096283e+02, 3.21325226e+02,
       2.83373413e+02, 2.82360870e+02, 2.81847961e+02, 2.42945236e+02,
       2.80171234e+02, 2.03320648e+02, 2.78842468e+02, 1.63731415e+02,
       2.77467957e+02, 1.24551819e+02, 2.76288361e+02, 8.53352280e+01,
       3.24391449e+02, 3.60394958e+02, 3.22857086e+02, 3.21223206e+02,
       3.21251556e+02, 2.81645355e+02, 3.19700073e+02, 2.41769653e+02,
       3.18339020e+02, 2.01544159e+02, 3.16736603e+02, 1.61555267e+02,
       3.15363739e+02, 1.21678642e+02, 3.14180664e+02, 8.21288528e+01,
       3.63296387e+02, 3.60650879e+02, 3.61685730e+02, 3.20835236e+02,
       3.60258759e+02, 2.81022369e+02, 3.58774597e+02, 2.40402573e+02,
       3.57376373e+02, 2.00066086e+02, 3.55992676e+02, 1.59292496e+02,
       3.54511169e+02, 1.19192032e+02, 3.52979706e+02, 7.88981857e+01 ]
   - [ 4.50707016e+01, 3.78485931e+02, 5.14074249e+01, 3.38806610e+02,
       5.82605667e+01, 2.99070099e+02, 6.55144043e+01, 2.58789886e+02,
       7.31412048e+01, 2.18627716e+02, 8.11328964e+01, 1.78310822e+02,
       8.94384460e+01, 1.38578568e+02, 9.80835266e+01, 9.88435211e+01,
       8.39090576e+01, 3.87060944e+02, 9.02007523e+01, 3.46934631e+02,
       9.71572952e+01, 3.06760223e+02, 1.04442947e+02, 2.66537201e+02,
       1.12167656e+02, 2.25984665e+02, 1.20204361e+02, 1.85808975e+02,
       1.28400192e+02, 1.45587891e+02, 1.37029694e+02, 1.05861946e+02,
       1.22911819e+02, 3.94549408e+02, 1.29588837e+02, 3.54870300e+02,
       1.36671494e+02, 3.14707367e+02, 1.44151428e+02, 2.74341400e+02,
       1.51913010e+02, 2.33671814e+02, 1.59911530e+02, 1.93209991e+02,
       1.68191986e+02, 1.53013336e+02, 1.76542847e+02, 1.12972939e+02,
       1.62542969e+02, 4.02485321e+02, 1.69488022e+02, 3.62646515e+02,
       1.76622147e+02, 3.22587616e+02, 1.84166321e+02, 2.82082581e+02,
       1.92030075e+02, 2.41398422e+02, 2.00048874e+02, 2.00847168e+02,
       2.08261490e+02, 1.60465744e+02, 2.16595352e+02, 1.20572113e+02,
       2.02757706e+02, 4.10345245e+02, 2.09720993e+02, 3.70410156e+02,
       2.17094498e+02, 3.30315918e+02, 2.24721619e+02, 2.89729126e+02,
       2.32500397e+02, 2.49190613e+02, 2.40590439e+02, 2.08557693e+02,
       2.48567596e+02, 1.68326965e+02, 2.56849609e+02, 1.28040787e+02 ]
   - [ 3.50368774e+02, 3.62731903e+02, 3.26932037e+02, 3.29450775e+02,
       3.04074097e+02, 2.96104279e+02, 2.81023346e+02, 2.62772949e+02,
       2.58293152e+02, 2.29754837e+02, 2.36144592e+02, 1.96902252e+02,
       2.14142456e+02, 1.64824188e+02, 1.92543533e+02, 1.33095154e+02,
       3.81549988e+02, 3.42023407e+02, 3.58195343e+02, 3.07951904e+02,
       3.34498566e+02, 2.74111847e+02, 3.11060577e+02, 2.40336685e+02,
       2.87845551e+02, 2.06412811e+02, 2.64993011e+02, 1.73507538e+02,
       2.42388046e+02, 1.40845261e+02, 2.20318558e+02, 1.08674492e+02,
       4.14589996e+02, 3.20127960e+02, 3.90329498e+02, 2.85568604e+02,
       3.66439514e+02, 2.51259827e+02, 3.42372040e+02, 2.16719940e+02,
       3.18584656e+02, 1.82810608e+02, 2.95078156e+02, 1.49069229e+02,
       2.71998932e+02, 1.16108627e+02, 2.49295883e+02, 8.37128906e+01,
       4.48248840e+02, 2.97450378e+02, 4.23777191e+02, 2.62466583e+02,
       3.99169281e+02, 2.27494980e+02, 3.74685303e+02, 1.92774628e+02,
       3.50360107e+02, 1.57971573e+02, 3.26370819e+02, 1.24130112e+02,
       3.02530701e+02, 9.08013687e+01, 2.79430969e+02, 5.80785294e+01,
       4.83089508e+02, 2.74138428e+02, 4.57980591e+02, 2.38361450e+02,
       4.33149139e+02, 2.03019089e+02, 4.08052582e+02, 1.67614182e+02,
       3.83365387e+02, 1.32873352e+02, 3.58610046e+02, 9.85003052e+01,
       3.34456665e+02, 6.48459015e+01, 3.10364532e+02, 3.19569473e+01 ]
   - [ 1.29385422e+02, 3.95652069e+02, 1.29877747e+02, 3.51413147e+02,
       1.30880707e+02, 3.06692657e+02, 1.32306046e+02, 2.61638611e+02,
       1.33945465e+02, 2.16520569e+02, 1.35967026e+02, 1.71554169e+02,
       1.38368271e+02, 1.27088219e+02, 1.41018509e+02, 8.29150162e+01,
       1.73081833e+02, 3.97876862e+02, 1.73974365e+02, 3.53235504e+02,
       1.75069397e+02, 3.08491516e+02, 1.76448502e+02, 2.63149139e+02,
       1.78410400e+02, 2.17805283e+02, 1.80287842e+02, 1.72862045e+02,
       1.82496613e+02, 1.27979973e+02, 1.85046600e+02, 8.38115616e+01,
       2.17972595e+02, 3.99813568e+02, 2.18793823e+02, 3.55014557e+02,
       2.20022888e+02, 3.10156433e+02, 2.21644989e+02, 2.64701904e+02,
       2.23171661e+02, 2.19303345e+02, 2.25245132e+02, 1.74096848e+02,
       2.27425644e+02, 1.29357590e+02, 2.29606415e+02, 8.48884811e+01,
       2.62552917e+02, 4.01209747e+02, 2.63854889e+02, 3.56609344e+02,
       2.65309357e+02, 3.11621887e+02, 2.66852722e+02, 2.66377502e+02,
       2.68615082e+02, 2.20851028e+02, 2.70372284e+02, 1.75647354e+02,
       2.72350098e+02, 1.30681564e+02, 2.74563202e+02, 8.64246979e+01,
       3.07595642e+02, 4.02636230e+02, 3.09080750e+02, 3.57856049e+02,
       3.10645050e+02, 3.13201630e+02, 3.12291382e+02, 2.67758148e+02,
       3.13937592e+02, 2.22700485e+02, 3.15838348e+02, 1.77222092e+02,
       3.17613373e+02, 1.32603333e+02, 3.19385742e+02, 8.80273285e+01 ]
   - [ 4.26035736e+02, 2.65559692e+02, 3.82374481e+02, 2.63469696e+02,
       3.39810242e+02, 2.61102386e+02, 2.97831177e+02, 2.58922485e+02,
       2.56980988e+02, 2.56667419e+02, 2.17122375e+02, 2.54596756e+02,
       1.78655396e+02, 2.52689758e+02, 1.41329346e+02, 2.50824738e+02,
