%YAML:1.0
cameraMatrix: !!opencv-matrix
   rows: 3
   cols: 3
   dt: d
   data: [ 1.9710580094262023e+03, 0., 6.4907223976427906e+02, 0.,
       2.0138845080086505e+03, 5.8209671343305706e+02, 0., 0., 1. ]
imageSize_width: 1280
imageSize_height: 800
sensorSize_width: 0
sensorSize_height: 0
distCoeffs: !!opencv-matrix
   rows: 5
   cols: 1
   dt: d
   data: [ 4.7331666478957585e-01, -2.8592866598950950e+00,
       6.9597640218999205e-03, -3.8894253172687673e-02,
       1.0744571599478892e+01 ]
reprojectionError: 3.7577855587005615e-01
features:
   - [ 500., 250., 580., 250., 660., 250., 740., 250., 540., 290., 620.,
       290., 700., 290., 780., 290., 500., 330., 580., 330., 660., 330.,
       740., 330., 540., 370., 620., 370., 700., 370., 780., 370., 500.,
       410., 580., 410., 660., 410., 740., 410. ]
   - [ 500., 250., 580., 250., 660., 250., 740., 250., 540., 290., 620.,
       290., 700., 290., 780., 290., 500., 330., 580., 330., 660., 330.,
       740., 330., 540., 370., 620., 370., 700., 370., 780., 370., 500.,
       410., 580., 410., 660., 410., 740., 410. ]
   - [ 500., 250., 580., 250., 660., 250., 740., 250., 540., 290., 620.,
       290., 700., 290., 780., 290., 500., 330., 580., 330., 660., 330.,
       740., 330., 540., 370., 620., 370., 700., 370., 780., 370., 500.,
       410., 580., 410., 660., 410., 740., 410. ]
   - [ 500., 250., 580., 250., 660., 250., 740., 250., 540., 290., 620.,
       290., 700., 290., 780., 290., 500., 330., 580., 330., 660., 330.,
       740., 330., 540., 370., 620., 370., 700., 370., 780., 370., 500.,
       410., 580., 410., 660., 410., 740., 410. ]
   - [ 500., 250., 580., 250., 660., 250., 740., 250., 540., 290., 620.,
       290., 700., 290., 780., 290., 500., 330., 580., 330., 660., 330.,
       740., 330., 540., 370., 620., 370., 700., 370., 780., 370., 500.,
       410., 580., 410., 660., 410., 740., 410. ]
   - [ 4.61920624e+02, 6.98783325e+02, 4.69671967e+02, 5.63078552e+02,
       4.75987366e+02, 4.32184509e+02, 4.80657623e+02, 3.04383850e+02,
       5.33044250e+02, 6.30718506e+02, 5.38842468e+02, 4.97525269e+02,
       5.43598022e+02, 3.68741943e+02, 5.46983704e+02, 2.42259338e+02,
       5.97173401e+02, 6.99654114e+02, 6.02303894e+02, 5.64044678e+02,
       6.06529297e+02, 4.33118652e+02, 6.09736206e+02, 3.05813202e+02,
       6.66587769e+02, 6.31868713e+02, 6.70127197e+02, 4.98465790e+02,
       6.72733643e+02, 3.69707428e+02, 6.74828735e+02, 2.43092194e+02,
       7.31530579e+02, 7.00937500e+02, 7.34415771e+02, 5.65162659e+02,
       7.36332153e+02, 4.34129242e+02, 7.37974182e+02, 3.06314941e+02 ]
   - [ 4.76602875e+02, 6.34997498e+02, 4.88048645e+02, 5.00703278e+02,
       4.97675842e+02, 3.70459290e+02, 5.05743286e+02, 2.42485138e+02,
       5.41824097e+02, 5.64043457e+02, 5.51438965e+02, 4.30687286e+02,
       5.59616577e+02, 3.00426697e+02, 5.66569336e+02, 1.71730240e+02,
       5.97230957e+02, 6.30039978e+02, 6.06655823e+02, 4.92933380e+02,
       6.14774536e+02, 3.59860565e+02, 6.21809326e+02, 2.28933548e+02,
       6.63641541e+02, 5.57608887e+02, 6.71514221e+02, 4.21145142e+02,
       6.78473206e+02, 2.87695862e+02, 6.84385132e+02, 1.56231018e+02,
       7.22851990e+02, 6.25292908e+02, 7.30203308e+02, 4.84688965e+02,
       7.36878723e+02, 3.48154785e+02, 7.42777527e+02, 2.13946442e+02 ]
   - [ 8.39583679e+02, 9.08367996e+01, 8.75058350e+02, 2.03835373e+02,
       8.99446594e+02, 3.34237549e+02, 9.20315735e+02, 4.68581146e+02,
       8.00755554e+02, 1.45490845e+02, 8.23878174e+02, 2.76145508e+02,
       8.44740234e+02, 4.10467377e+02, 8.65172913e+02, 5.46838745e+02,
       7.24238586e+02, 8.84083328e+01, 7.46941162e+02, 2.18139832e+02,
       7.67204346e+02, 3.52386841e+02, 7.87323975e+02, 4.87943970e+02,
       6.69522583e+02, 1.59740967e+02, 6.89710266e+02, 2.94183167e+02,
       7.09346619e+02, 4.29255646e+02, 7.28802002e+02, 5.66429443e+02,
       5.91424744e+02, 1.01223099e+02, 6.11914429e+02, 2.35423126e+02,
       6.31478455e+02, 3.70579193e+02, 6.50408325e+02, 5.06967499e+02 ]
   - [ 1.16933215e+03, 1.21451279e+02, 1.18025879e+03, 2.60322754e+02,
       1.19415283e+03, 3.98256409e+02, 1.21039062e+03, 5.37883789e+02,
       1.10587659e+03, 1.96635681e+02, 1.11947522e+03, 3.33979797e+02,
       1.13373254e+03, 4.72417664e+02, 1.14893591e+03, 6.13284058e+02,
       1.03305908e+03, 1.32059311e+02, 1.04678357e+03, 2.69294220e+02,
       1.06061694e+03, 4.07402008e+02, 1.07432947e+03, 5.47307617e+02,
       9.74151367e+02, 2.04050522e+02, 9.87789795e+02, 3.42145264e+02,
       1.00110291e+03, 4.81709778e+02, 1.01413959e+03, 6.23467834e+02,
       9.00995422e+02, 1.38172958e+02, 9.14459229e+02, 2.76513763e+02,
       9.27415222e+02, 4.15956207e+02, 9.40157715e+02, 5.57194824e+02 ]
   - [ 1.01663928e+03, 2.16610245e+02, 1.01227277e+03, 3.25299072e+02,
       1.00765271e+03, 4.39799438e+02, 1.00286688e+03, 5.61181580e+02,
       9.50092346e+02, 2.64517212e+02, 9.43676453e+02, 3.75621704e+02,
       9.36887146e+02, 4.92868256e+02, 9.29770264e+02, 6.17598206e+02,
       8.89775513e+02, 2.05251938e+02, 8.81809814e+02, 3.13354065e+02,
       8.73247742e+02, 4.26977234e+02, 8.64161865e+02, 5.47203796e+02,
       8.21802490e+02, 2.52666122e+02, 8.11736023e+02, 3.63137146e+02,
       8.00921631e+02, 4.79449005e+02, 7.89300171e+02, 6.03054871e+02,
       7.63366150e+02, 1.93276627e+02, 7.52040405e+02, 3.00956421e+02,
       7.39772217e+02, 4.13913025e+02, 7.26476013e+02, 5.33248962e+02 ]
   - [ 1.02072266e+03, 1.10989090e+02, 1.04580969e+03, 2.42860428e+02,
       1.07110889e+03, 3.74842133e+02, 1.09684644e+03, 5.07731873e+02,
       9.81429443e+02, 1.78612839e+02, 1.00677466e+03, 3.12590179e+02,
       1.03236218e+03, 4.46998413e+02, 1.05846643e+03, 5.82794312e+02,
       9.15073303e+02, 1.12006653e+02, 9.40665405e+02, 2.48353546e+02,
       9.66207092e+02, 3.84652161e+02, 9.92116699e+02, 5.21772644e+02,
       8.72530396e+02, 1.81780670e+02, 8.98246948e+02, 3.20418732e+02,
       9.24027405e+02, 4.59234894e+02, 9.50277893e+02, 5.99499329e+02,
       8.02010925e+02, 1.12490440e+02, 8.28228577e+02, 2.53903687e+02,
       8.54105164e+02, 3.94937134e+02, 8.80160522e+02, 5.36627197e+02 ]
   - [ 9.54415894e+02, 2.00567596e+02, 9.62483704e+02, 3.17629791e+02,
       9.70575317e+02, 4.35047394e+02, 9.78894409e+02, 5.53432312e+02,
       9.03296326e+02, 2.59373749e+02, 9.11132751e+02, 3.77259796e+02,
       9.19028870e+02, 4.95679138e+02, 9.27150635e+02, 6.15459961e+02,
       8.43543152e+02, 2.00259064e+02, 8.51306396e+02, 3.18874481e+02,
       8.58924866e+02, 4.37641052e+02, 8.66602539e+02, 5.57260437e+02,
       7.90887268e+02, 2.59648468e+02, 7.98426025e+02, 3.79081635e+02,
       8.05808228e+02, 4.98877747e+02, 8.13175964e+02, 6.20018372e+02,
       7.29623352e+02, 1.99364944e+02, 7.37284851e+02, 3.19725159e+02,
       7.44579834e+02, 4.40070648e+02, 7.51635864e+02, 5.61182312e+02 ]
