%YAML:1.0
Rotation_Vector: !!opencv-matrix
   rows: 3
   cols: 1
   dt: d
   data: [ -9.8585796235147322e-02, -1.3874568966852036e-01,
       3.3866886966636506e-02 ]
Rotation_Matrix: !!opencv-matrix
   rows: 3
   cols: 3
   dt: d
   data: [ 9.8982690377205274e-01, -2.6875120759783641e-02,
       -1.3971552688652183e-01, 4.0519180823157752e-02,
       9.9458055909171816e-01, 9.5748145998894293e-02,
       1.3638510385834518e-01, -1.0043524959371773e-01,
       9.8555155323534249e-01 ]
Translation_Vector: !!opencv-matrix
   rows: 3
   cols: 1
   dt: d
   data: [ 2.9599567617658320e+01, -1.4708832311405278e+01,
       -3.2914605805935997e+00 ]
OpenGL_Mat:
   - { row:[ 9.8982691764831543e-01, 4.0519181638956070e-02,
       1.3638509809970856e-01, 0. ] }
   - { row:[ -2.6875121518969536e-02, 9.9458056688308716e-01,
       -1.0043524950742722e-01, 0. ] }
   - { row:[ -1.3971552252769470e-01, 9.5748148858547211e-02,
       9.8555153608322144e-01, 0. ] }
   - { row:[ 2.9599567413330078e+01, -1.4708832740783691e+01,
       -3.2914605140686035e+00, 1. ] }
